MA TRAN A 
4.00 5.00 2.00 
5.00 3.00 2.00 
1.00 3.00 2.00 

MA TRAN B 
4.00 2.00 1.00 
3.00 2.00 1.00 
2.00 5.00 6.00 

MA TRAN TICH VA MA TRAN TONG CUA A VA B LA 

MA TRAN TICH
35.00 28.00 21.00 
33.00 26.00 20.00 
17.00 18.00 16.00 


MA TRAN TONG
8.00 7.00 3.00 
8.00 5.00 3.00 
3.00 8.00 8.00 

MA TRAN TICH SAU KHI DOI COT 1 VA 2
28.00 35.00 21.00 
26.00 33.00 20.00 
18.00 17.00 16.00 

